15
10.56896552840433 2.9414360085259506 7.769202300341231 65.02430672573897 54.774561672441074
14.355172209147424 11.656491682972145 2.989231175030401 79.68421848920522 13.81397806017033
16.46969499090353 8.870237698280611 2.252055117806313 65.0663613455744 14.390182562629937
10.719137871402204 6.340081334046479 4.53102346477168 44.61510618205071 39.23780431396907
8.152809752568817 18.537392063212277 4.285044359092186 41.08030024679653 14.73977249019285
13.54837811681688 5.447375349186547 1.6093253528313514 91.26336435271602 67.4659439228827
0.09727924872475091 7.750405734447585 7.412844068824015 16.80390156479762 26.949949448436833
19.105132157191075 1.467253487567295 2.8729366402216105 49.550010089961226 43.47655485652081
7.657468844723711 6.439640658765442 1.8173381443750116 65.08896064738084 45.14223282949609
8.348026919421303 2.2342882097588546 6.303374225709604 56.617138048331796 90.34805007551911
15.703972265818635 12.981444776056358 7.2810834826254505 68.14151928144838 13.346983820642501
17.702197173180842 16.044877813511874 1.4841557498373579 98.38336756783258 86.05921962701235
8.185935270644244 1.4694802515514316 5.2126560876122126 25.829253140797128 52.2143388975685
18.117659843878645 1.7612243714742437 4.764701200141878 80.97531030077499 81.42229458266465
1.8262630184415185 12.080162115919213 4.583236077630822 51.19457539785014 70.28752930788403
