83
8.035160334973416	0.9128993492332982	5.037406996561561	12.248906426068038	10.232668469201469
16.21824947919267	9.642486503212277	4.795072580460415	54.714074845159885	32.122588015505926
12.538270116680208	0.5295454428024482	7.583841444100845	91.62006946679092	69.87682402319976
17.261154497272408	12.886868402865211	1.785332743966002	75.2024386698272	31.818006567403746
6.114827394327658	19.722924487756586	7.952741726647838	19.583778215206767	57.52591180795491
10.154066486041236	11.703941549535863	4.046731709681558	46.19301269183796	37.730331929710125
0.20049203928664827	2.5086571787434453	2.8893636498875583	41.103254675031714	94.69020038670558
1.385149192732642	18.816119868524176	2.714160644099189	34.16321399253624	32.181008965904084
8.189614802184987	6.0921434991957675	4.946376562103405	93.95445551405702	88.71998639397944
12.282976299211512	15.66072665747373	6.872431463249182	90.96275654366688	45.32096622377108
2.179688760428018	18.53603762736967	6.072976004417392	76.6873747025956	65.14756443720334
5.186353781172368	18.529560733987186	5.505074246449944	78.83053028127783	32.99420498374759
16.808694135503476	9.452828300026377	4.314400669736141	50.36887279607605	25.80211357203967
6.411519189218396	12.57857183624807	3.330994697991922	19.428796063925137	20.25701617342354
10.098682505746599	0.30733737004288164	5.922827170296902	45.18438546044819	66.7716230837378
0.9375897848907955	13.559506597008305	4.56575433870192	31.464357894442823	22.159285488818696
17.585174128302064	0.6749023990975811	4.271523456758593	55.00836149962722	72.7335665186179
18.641065182080897	5.819997544223503	2.0511383586531955	72.42580522650292	50.781970786656125
4.846895413411274	4.507741386422703	6.10455698418202	4.143751681830636	75.43311249186293
11.724890791983405	6.271976871292511	4.735647466416153	69.80040725387855	27.86620773210864
12.391177166205301	8.340974416149953	1.0298261066855448	3.0131991896012353	80.06435614594281
0.27949415809597644	4.55546891907608	6.517723992066279	85.53034172755575	48.26450509320701
18.902017896065658	2.8970594040528175	6.668605716952259	94.687475741731	39.997300763723125
11.560918703719075	10.557135191195744	6.369067076244366	1.0983252567732413	41.555952721724175
4.748007131609904	12.494747078063863	3.9848876111483573	71.01517438764402	17.028407726520587
3.619007339448521	18.364204725750824	3.2622407373840288	8.682369241293465	59.076116928516704
13.258941648672995	0.12710811365959973	6.610042135953799	51.5986612060656	58.436173611383865
11.471192195930556	0.11443414996390455	1.4406172999054734	83.91135688756991	90.70937823442439
0.30206322459100265	10.08471290840542	6.835327601336527	42.991997501122	51.42241174244804
11.295318923336966	15.818567527951695	6.283471277438247	27.80409271267248	73.32543548050448
8.087326034090307	14.919547401005497	3.5644648418677676	60.920759893817284	22.339382089873258
3.8930231802773863	12.600974374867388	1.7298993007396983	60.39789390329188	71.12478611347203
17.727456672546822	4.341934886103777	2.393546685850235	94.99368637557083	10.784321321773053
19.139115335888302	14.70570101209082	3.031197101710796	97.64916429420178	66.45964538915658
7.025165226843784	1.143832715421571	6.953376062799954	67.32424024464565	9.478804514434158
6.826234354189089	6.9278012809700185	3.126536714126499	12.762204789365622	75.35730789216613
16.756177632419764	1.4232648474489706	6.631407979524272	48.632183017193526	94.4101823015002
14.06872649907873	17.788542539445615	6.471851812338658	28.145159580266107	44.278312101373345
9.445884483046175	8.518108793499584	4.513497673435392	70.07669900113542	57.936387611954075
17.31090240714719	17.701356631182318	6.151929935395004	63.86510447509895	42.469385571444924
14.45099754834144	14.396567178467839	1.9235790698197812	38.67786497097604	70.99959735614999
0.07302446524914963	12.267445875651006	5.667238115840464	3.7046488784846163	18.35655281720473
5.672094588416261	1.183092202138163	4.62862744784865	15.836301204988388	33.3658618138423
10.203323539537038	6.283748284443689	4.8080998831686745	39.37344440823153	37.9948559262516
0.36855834625383554	17.413507945883982	3.374452764902373	13.640982141263667	52.74295567499385
15.914873239023988	0.6455565429100774	3.3721172456065647	93.48079499084157	27.120988375689876
12.504502321403407	11.18712903167366	7.80844735732334	28.665866280919932	92.8377183626547
18.156334950945755	18.967038643723043	6.126952860339193	26.42034217276604	59.797114271812845
10.460727052698042	16.857729549865162	6.609658120597494	23.70644766061306	52.89291989652956
16.725436722044318	3.713904456224104	4.448330032333956	15.68378483809317	48.43961495532045
1.1623256015197647	2.8667313246465542	2.0976958986274075	13.29256114342714	79.925511724193
5.882487734670954	9.093464307214896	5.858226548312127	37.78834790374599	47.886911825822466
9.3352176317619	3.68153021078782	3.6814140006826834	65.13485767745465	90.2106417573266
11.094793632804986	5.061181239211841	1.3461452485384302	62.19655250551762	36.81646126685916
4.416787968403002	0.6629607826276973	2.5371969728039163	72.28745917202802	70.1869680287875
14.940958847164543	17.352093933009492	1.3698282500776102	94.77127646209773	68.90031521981878
9.730842765494875	8.939843387454175	5.820487694716537	10.222791371848295	42.89535921847674
11.013636985704336	9.861386726679006	1.4198565808699288	46.787098069072094	41.312694111748286
17.054988474314502	0.9022342850844045	2.0510010150888354	9.423359137940807	91.12612501089507
7.397545345090837	1.7747742605196315	2.4724122907430752	63.81222262512792	55.38835507400704
11.509572400996518	2.852902076789894	4.637607155440961	50.325906414074225	12.2650628672796
0.8764488138297777	11.78797340569034	1.5564549115784687	83.91716425256061	12.103005640478871
2.2910898002894187	11.930588395590043	7.7666131974643	71.37891314866165	42.41664808309023
15.55534477806815	8.768554717012666	2.435404265056123	82.00586163049616	96.84294454363892
9.610724285591058	1.6962515544299017	5.781796062978126	93.20211725184136	8.444705287771054
16.935207450987193	0.12194910864268049	5.554645606783103	36.763968962632305	96.14424585304688
17.532807968323198	15.26466075784683	7.406165499937134	43.581867574737736	74.32163965581003
3.044127575737463	16.23744172157258	7.156937134670727	33.81583028777165	54.33472281222527
19.624874377082747	13.027982268706433	2.6136286878667203	18.818531117297667	75.45530590748872
8.271061565314053	6.465476676224169	1.6821855550068103	84.30500428135119	47.712307916799816
6.595290480494733	9.84826455957336	7.1391750193784835	8.583543159666569	64.82335894782213
11.424525362478587	15.16373163787761	7.326790682328969	37.46148242534503	28.862454964688215
17.18876359889739	0.17068804468869825	6.151030216284239	22.16063913433521	68.70850870925456
9.842975234642575	2.5425682490643764	4.598860457619507	26.886582738166645	97.73981307957366
5.414784402494062	17.83978892257483	2.402657971814365	1.5816664916181107	73.8913295589113
14.228788439142221	13.140890641896954	2.4065957204472546	93.34866820228183	90.91010881797784
7.476855770051403	16.70647491011639	3.627152790008747	81.41397959617463	3.9344973722916388
19.89328434896153	9.521129636600538	4.125612011529447	68.01927611709027	69.76537976693687
1.1937308658551626	18.649739794339638	4.7726282285280215	79.99466406070219	41.917032163016245
17.41715398326442	8.75726826624864	7.0489811921983865	2.4645984587568295	32.79308532557983
9.866698327718005	14.292573426056403	4.2257243670023374	69.00158324561927	42.77188580912737
0.468219703785111	19.503488992889373	7.98522624562921	10.512743294324405	23.71649499288565
9.158342992030928	12.81951093151916	1.7548783305009106	78.68487567703492	53.077684628628305

Cluster 1:
Nodes: 7, 19, 22, 51, 55
Clusterhead: 22

Cluster 2:
Nodes: 1, 35, 43, 53, 60, 65, 74
Clusterhead: 53

Cluster 3:
Nodes: 3, 15, 27, 28, 61
Clusterhead: 3

Cluster 4:
Nodes: 17, 23, 33, 37, 46, 50, 59, 66, 73
Clusterhead: 23

Cluster 6:
Nodes: 9, 36, 39, 52, 57, 70, 71
Clusterhead: 9

Cluster 7:
Nodes: 20, 21, 44, 54, 58
Clusterhead: 20

Cluster 8:
Nodes: 2, 13, 18, 64, 78, 80
Clusterhead: 64

Cluster 9:
Nodes: 16, 25, 29, 32, 42, 62, 63
Clusterhead: 63

Cluster 10:
Nodes: 14, 31, 81, 83
Clusterhead: 83

Cluster 11:
Nodes: 6, 24, 41, 47, 76
Clusterhead: 76

Cluster 12:
Nodes: 4, 34, 69
Clusterhead: 34

Cluster 13:
Nodes: 8, 11, 26, 45, 68, 79, 82
Clusterhead: 11

Cluster 14:
Nodes: 5, 12, 75, 77
Clusterhead: 12

Cluster 15:
Nodes: 10, 30, 38, 49, 56, 72
Clusterhead: 56

Cluster 16:
Nodes: 40, 48, 67
Clusterhead: 40
